[[0, 67, 11, 53, 59, 30, 89, 29, 45, 28, 54, 23, 8, 56, 68, 42, 47, 41, 47, 24, 31, 81, 79, 63, 13, 30, 19, 41, 65, 38], [67, 0, 78, 53, 69, 87, 44, 50, 22, 83, 64, 44, 69, 11, 68, 47, 35, 29, 66, 43, 36, 36, 39, 73, 74, 40, 74, 51, 25, 68], [11, 78, 0, 64, 70, 41, 100, 40, 56, 39, 65, 34, 19, 67, 79, 53, 58, 52, 58, 35, 42, 92, 90, 74, 24, 41, 30, 52, 76, 49], [53, 53, 64, 0, 64, 67, 75, 48, 64, 43, 59, 42, 45, 42, 15, 65, 30, 24, 84, 61, 54, 67, 62, 68, 50, 35, 34, 46, 48, 15], [59, 69, 70, 64, 0, 83, 91, 42, 58, 75, 5, 36, 61, 58, 79, 59, 46, 40, 78, 55, 48, 83, 78, 14, 66, 29, 66, 18, 64, 79], [30, 87, 41, 67, 83, 0, 109, 53, 69, 42, 78, 47, 22, 76, 82, 62, 71, 65, 21, 44, 51, 101, 103, 87, 17, 54, 33, 65, 89, 52], [89, 44, 100, 75, 91, 109, 0, 75, 66, 108, 86, 69, 94, 33, 90, 69, 57, 51, 88, 65, 58, 8, 83, 95, 99, 62, 99, 73, 69, 90], [29, 50, 40, 48, 42, 53, 75, 0, 28, 33, 37, 6, 31, 42, 63, 29, 30, 24, 44, 21, 18, 67, 62, 46, 36, 13, 24, 24, 48, 43], [45, 22, 56, 64, 58, 69, 66, 28, 0, 61, 53, 22, 47, 33, 79, 35, 46, 40, 54, 31, 24, 58, 61, 62, 52, 29, 52, 40, 47, 71], [28, 83, 39, 43, 75, 42, 108, 33, 61, 0, 70, 39, 20, 75, 58, 62, 63, 57, 63, 52, 51, 100, 95, 79, 25, 46, 9, 57, 81, 28], [54, 64, 65, 59, 5, 78, 86, 37, 53, 70, 0, 31, 56, 53, 74, 54, 41, 35, 73, 50, 43, 78, 73, 9, 61, 24, 61, 13, 59, 74], [23, 44, 34, 42, 36, 47, 69, 6, 22, 39, 31, 0, 25, 36, 57, 23, 24, 18, 42, 19, 12, 61, 56, 40, 30, 7, 30, 18, 42, 49], [8, 69, 19, 45, 61, 22, 94, 31, 47, 20, 56, 25, 0, 61, 60, 48, 49, 43, 43, 32, 37, 86, 81, 65, 5, 32, 11, 43, 67, 30], [56, 11, 67, 42, 58, 76, 33, 42, 33, 75, 53, 36, 61, 0, 57, 36, 24, 18, 55, 32, 25, 25, 50, 62, 66, 29, 66, 40, 36, 57], [68, 68, 79, 15, 79, 82, 90, 63, 79, 58, 74, 57, 60, 57, 0, 80, 45, 39, 99, 76, 69, 82, 77, 83, 65, 50, 49, 61, 63, 30], [42, 47, 53, 65, 59, 62, 69, 29, 35, 62, 54, 23, 48, 36, 80, 0, 47, 41, 41, 18, 11, 61, 79, 63, 53, 30, 53, 41, 65, 72], [47, 35, 58, 30, 46, 71, 57, 30, 46, 63, 41, 24, 49, 24, 45, 47, 0, 6, 66, 43, 36, 49, 44, 50, 54, 17, 54, 28, 30, 45], [41, 29, 52, 24, 40, 65, 51, 24, 40, 57, 35, 18, 43, 18, 39, 41, 6, 0, 60, 37, 30, 43, 38, 44, 48, 11, 48, 22, 24, 39], [47, 66, 58, 84, 78, 21, 88, 44, 54, 63, 73, 42, 43, 55, 99, 41, 66, 60, 0, 23, 30, 80, 98, 82, 38, 49, 54, 60, 84, 73], [24, 43, 35, 61, 55, 44, 65, 21, 31, 52, 50, 19, 32, 32, 76, 18, 43, 37, 23, 0, 7, 57, 75, 59, 37, 26, 43, 37, 61, 62], [31, 36, 42, 54, 48, 51, 58, 18, 24, 51, 43, 12, 37, 25, 69, 11, 36, 30, 30, 7, 0, 50, 68, 52, 42, 19, 42, 30, 54, 61], [81, 36, 92, 67, 83, 101, 8, 67, 58, 100, 78, 61, 86, 25, 82, 61, 49, 43, 80, 57, 50, 0, 75, 87, 91, 54, 91, 65, 61, 82], [79, 39, 90, 62, 78, 103, 83, 62, 61, 95, 73, 56, 81, 50, 77, 79, 44, 38, 98, 75, 68, 75, 0, 82, 86, 49, 86, 60, 14, 77], [63, 73, 74, 68, 14, 87, 95, 46, 62, 79, 9, 40, 65, 62, 83, 63, 50, 44, 82, 59, 52, 87, 82, 0, 70, 33, 70, 22, 68, 83], [13, 74, 24, 50, 66, 17, 99, 36, 52, 25, 61, 30, 5, 66, 65, 53, 54, 48, 38, 37, 42, 91, 86, 70, 0, 37, 16, 48, 72, 35], [30, 40, 41, 35, 29, 54, 62, 13, 29, 46, 24, 7, 32, 29, 50, 30, 17, 11, 49, 26, 19, 54, 49, 33, 37, 0, 37, 11, 35, 50], [19, 74, 30, 34, 66, 33, 99, 24, 52, 9, 61, 30, 11, 66, 49, 53, 54, 48, 54, 43, 42, 91, 86, 70, 16, 37, 0, 48, 72, 19], [41, 51, 52, 46, 18, 65, 73, 24, 40, 57, 13, 18, 43, 40, 61, 41, 28, 22, 60, 37, 30, 65, 60, 22, 48, 11, 48, 0, 46, 61], [65, 25, 76, 48, 64, 89, 69, 48, 47, 81, 59, 42, 67, 36, 63, 65, 30, 24, 84, 61, 54, 61, 14, 68, 72, 35, 72, 46, 0, 63], [38, 68, 49, 15, 79, 52, 90, 43, 71, 28, 74, 49, 30, 57, 30, 72, 45, 39, 73, 62, 61, 82, 77, 83, 35, 50, 19, 61, 63, 0]]