[[0, 16, 28, 11, 15, 52, 30, 19, 28, 10], [16, 0, 20, 25, 7, 36, 14, 33, 24, 6], [28, 20, 0, 36, 13, 32, 10, 28, 15, 23], [11, 25, 36, 0, 26, 61, 39, 8, 21, 19], [15, 7, 13, 26, 0, 43, 21, 34, 28, 13], [52, 36, 32, 61, 43, 0, 22, 60, 47, 42], [30, 14, 10, 39, 21, 22, 0, 38, 25, 20], [19, 33, 28, 8, 34, 60, 38, 0, 13, 27], [28, 24, 15, 21, 28, 47, 25, 13, 0, 18], [10, 6, 23, 19, 13, 42, 20, 27, 18, 0]]