[[0, 54, 59, 69, 66, 63, 71, 55, 104, 6, 49, 86, 87, 87, 46, 77, 46, 69, 27, 122, 19, 39, 50, 15, 62, 81, 60, 40, 66, 45], [54, 0, 34, 31, 42, 53, 41, 25, 74, 48, 25, 56, 57, 77, 8, 47, 54, 39, 51, 92, 61, 15, 25, 39, 32, 56, 50, 40, 74, 35], [59, 34, 0, 50, 47, 72, 60, 44, 93, 53, 30, 75, 76, 96, 27, 66, 73, 58, 56, 111, 66, 20, 9, 44, 51, 22, 69, 59, 93, 54], [69, 31, 50, 0, 57, 68, 56, 40, 89, 63, 40, 71, 72, 92, 23, 62, 69, 54, 66, 107, 76, 30, 41, 54, 47, 72, 65, 55, 89, 50], [66, 42, 47, 57, 0, 79, 67, 51, 100, 60, 17, 82, 83, 103, 34, 73, 80, 65, 63, 118, 73, 27, 38, 51, 58, 69, 76, 66, 100, 61], [63, 53, 72, 68, 79, 0, 44, 28, 77, 57, 62, 59, 60, 24, 45, 50, 37, 42, 36, 95, 70, 52, 63, 48, 35, 94, 7, 23, 57, 18], [71, 41, 60, 56, 67, 44, 0, 16, 33, 65, 50, 47, 16, 68, 33, 38, 45, 30, 44, 51, 78, 40, 51, 56, 23, 82, 41, 31, 65, 26], [55, 25, 44, 40, 51, 28, 16, 0, 49, 49, 34, 31, 32, 52, 17, 22, 29, 14, 28, 67, 62, 24, 35, 40, 7, 66, 25, 15, 49, 10], [104, 74, 93, 89, 100, 77, 33, 49, 0, 98, 83, 80, 17, 101, 66, 71, 78, 63, 77, 18, 111, 73, 84, 89, 56, 115, 74, 64, 98, 59], [6, 48, 53, 63, 60, 57, 65, 49, 98, 0, 43, 80, 81, 81, 40, 71, 40, 63, 21, 116, 13, 33, 44, 9, 56, 75, 54, 34, 60, 39], [49, 25, 30, 40, 17, 62, 50, 34, 83, 43, 0, 65, 66, 86, 17, 56, 63, 48, 46, 101, 56, 10, 21, 34, 41, 52, 59, 49, 83, 44], [86, 56, 75, 71, 82, 59, 47, 31, 80, 80, 65, 0, 63, 83, 48, 9, 60, 31, 59, 98, 93, 55, 66, 71, 24, 97, 56, 46, 80, 41], [87, 57, 76, 72, 83, 60, 16, 32, 17, 81, 66, 63, 0, 84, 49, 54, 61, 46, 60, 35, 94, 56, 67, 72, 39, 98, 57, 47, 81, 42], [87, 77, 96, 92, 103, 24, 68, 52, 101, 81, 86, 83, 84, 0, 69, 74, 61, 66, 60, 119, 94, 76, 87, 72, 59, 118, 31, 47, 81, 42], [46, 8, 27, 23, 34, 45, 33, 17, 66, 40, 17, 48, 49, 69, 0, 39, 46, 31, 43, 84, 53, 7, 18, 31, 24, 49, 42, 32, 66, 27], [77, 47, 66, 62, 73, 50, 38, 22, 71, 71, 56, 9, 54, 74, 39, 0, 51, 22, 50, 89, 84, 46, 57, 62, 15, 88, 47, 37, 71, 32], [46, 54, 73, 69, 80, 37, 45, 29, 78, 40, 63, 60, 61, 61, 46, 51, 0, 43, 19, 96, 53, 53, 64, 31, 36, 95, 34, 14, 20, 19], [69, 39, 58, 54, 65, 42, 30, 14, 63, 63, 48, 31, 46, 66, 31, 22, 43, 0, 42, 81, 76, 38, 49, 54, 7, 80, 39, 29, 63, 24], [27, 51, 56, 66, 63, 36, 44, 28, 77, 21, 46, 59, 60, 60, 43, 50, 19, 42, 0, 95, 34, 36, 47, 12, 35, 78, 33, 13, 39, 18], [122, 92, 111, 107, 118, 95, 51, 67, 18, 116, 101, 98, 35, 119, 84, 89, 96, 81, 95, 0, 129, 91, 102, 107, 74, 133, 92, 82, 116, 77], [19, 61, 66, 76, 73, 70, 78, 62, 111, 13, 56, 93, 94, 94, 53, 84, 53, 76, 34, 129, 0, 46, 57, 22, 69, 88, 67, 47, 73, 52], [39, 15, 20, 30, 27, 52, 40, 24, 73, 33, 10, 55, 56, 76, 7, 46, 53, 38, 36, 91, 46, 0, 11, 24, 31, 42, 49, 39, 73, 34], [50, 25, 9, 41, 38, 63, 51, 35, 84, 44, 21, 66, 67, 87, 18, 57, 64, 49, 47, 102, 57, 11, 0, 35, 42, 31, 60, 50, 84, 45], [15, 39, 44, 54, 51, 48, 56, 40, 89, 9, 34, 71, 72, 72, 31, 62, 31, 54, 12, 107, 22, 24, 35, 0, 47, 66, 45, 25, 51, 30], [62, 32, 51, 47, 58, 35, 23, 7, 56, 56, 41, 24, 39, 59, 24, 15, 36, 7, 35, 74, 69, 31, 42, 47, 0, 73, 32, 22, 56, 17], [81, 56, 22, 72, 69, 94, 82, 66, 115, 75, 52, 97, 98, 118, 49, 88, 95, 80, 78, 133, 88, 42, 31, 66, 73, 0, 91, 81, 115, 76], [60, 50, 69, 65, 76, 7, 41, 25, 74, 54, 59, 56, 57, 31, 42, 47, 34, 39, 33, 92, 67, 49, 60, 45, 32, 91, 0, 20, 54, 15], [40, 40, 59, 55, 66, 23, 31, 15, 64, 34, 49, 46, 47, 47, 32, 37, 14, 29, 13, 82, 47, 39, 50, 25, 22, 81, 20, 0, 34, 5], [66, 74, 93, 89, 100, 57, 65, 49, 98, 60, 83, 80, 81, 81, 66, 71, 20, 63, 39, 116, 73, 73, 84, 51, 56, 115, 54, 34, 0, 39], [45, 35, 54, 50, 61, 18, 26, 10, 59, 39, 44, 41, 42, 42, 27, 32, 19, 24, 18, 77, 52, 34, 45, 30, 17, 76, 15, 5, 39, 0]]